latitude=26.888819
longitude=75.83528
